[[0 1 0 0 0 6 0 0 4]
 [0 0 6 0 0 0 2 5 0]
 [3 0 0 8 0 0 0 0 0]
 [9 0 0 7 0 0 0 3 0]
 [0 0 8 0 0 0 4 0 0]
 [0 2 0 0 0 9 0 0 7]
 [0 0 0 0 0 2 0 0 8]
 [0 4 5 0 0 0 6 0 0]
 [7 0 0 3 0 0 0 9 0]]

(1, 8)
[[2 1 3 5 7 6 8 0 4]
 [0 0 6 0 0 0 2 5 0]
 [3 0 0 8 0 0 0 0 0]
 [9 0 0 7 0 0 0 3 0]
 [0 0 8 0 0 0 4 0 0]
 [0 2 0 0 0 9 0 0 7]
 [0 0 0 0 0 2 0 0 8]
 [0 4 5 0 0 0 6 0 0]
 [7 0 0 3 0 0 0 9 0]]

(2, 6)
[[2 1 3 5 7 6 9 8 4]
 [4 3 6 1 8 0 2 5 0]
 [3 0 0 8 0 0 0 0 0]
 [9 0 0 7 0 0 0 3 0]
 [0 0 8 0 0 0 4 0 0]
 [0 2 0 0 0 9 0 0 7]
 [0 0 0 0 0 2 0 0 8]
 [0 4 5 0 0 0 6 0 0]
 [7 0 0 3 0 0 0 9 0]]

(2, 9)
[[2 1 3 5 7 6 9 8 4]
 [4 3 6 1 9 8 2 5 0]
 [3 0 0 8 0 0 0 0 0]
 [9 0 0 7 0 0 0 3 0]
 [0 0 8 0 0 0 4 0 0]
 [0 2 0 0 0 9 0 0 7]
 [0 0 0 0 0 2 0 0 8]
 [0 4 5 0 0 0 6 0 0]
 [7 0 0 3 0 0 0 9 0]]

(2, 9)
[[2 1 3 5 7 6 9 8 4]
 [4 3 6 1 9 8 2 5 0]
 [3 0 0 8 0 0 0 0 0]
 [9 0 0 7 0 0 0 3 0]
 [0 0 8 0 0 0 4 0 0]
 [0 2 0 0 0 9 0 0 7]
 [0 0 0 0 0 2 0 0 8]
 [0 4 5 0 0 0 6 0 0]
 [7 0 0 3 0 0 0 9 0]]

(2, 9)
[[2 1 3 5 7 6 9 8 4]
 [4 3 6 1 9 8 2 5 0]
 [3 0 0 8 0 0 0 0 0]
 [9 0 0 7 0 0 0 3 0]
 [0 0 8 0 0 0 4 0 0]
 [0 2 0 0 0 9 0 0 7]
 [0 0 0 0 0 2 0 0 8]
 [0 4 5 0 0 0 6 0 0]
 [7 0 0 3 0 0 0 9 0]]

(3, 7)
[[2 1 3 5 7 6 9 8 4]
 [4 3 6 9 9 8 2 5 1]
 [3 5 7 8 1 4 0 0 0]
 [9 0 0 7 0 0 0 3 0]
 [0 0 8 0 0 0 4 0 0]
 [0 2 0 0 0 9 0 0 7]
 [0 0 0 0 0 2 0 0 8]
 [0 4 5 0 0 0 6 0 0]
 [7 0 0 3 0 0 0 9 0]]

(3, 7)
[[2 1 3 5 7 6 9 8 4]
 [4 3 6 9 9 8 2 5 1]
 [3 5 7 8 1 4 0 0 0]
 [9 0 0 7 0 0 0 3 0]
 [0 0 8 0 0 0 4 0 0]
 [0 2 0 0 0 9 0 0 7]
 [0 0 0 0 0 2 0 0 8]
 [0 4 5 0 0 0 6 0 0]
 [7 0 0 3 0 0 0 9 0]]

(3, 9)
[[2 1 3 5 7 6 9 8 4]
 [4 3 6 9 9 8 2 5 1]
 [3 5 7 8 2 4 1 6 0]
 [9 0 0 7 0 0 0 3 0]
 [0 0 8 0 0 0 4 0 0]
 [0 2 0 0 0 9 0 0 7]
 [0 0 0 0 0 2 0 0 8]
 [0 4 5 0 0 0 6 0 0]
 [7 0 0 3 0 0 0 9 0]]

(3, 9)
[[2 1 3 5 7 6 9 8 4]
 [4 3 6 9 9 8 2 5 1]
 [3 5 7 8 2 4 1 6 0]
 [9 0 0 7 0 0 0 3 0]
 [0 0 8 0 0 0 4 0 0]
 [0 2 0 0 0 9 0 0 7]
 [0 0 0 0 0 2 0 0 8]
 [0 4 5 0 0 0 6 0 0]
 [7 0 0 3 0 0 0 9 0]]

(3, 9)
[[2 1 3 5 7 6 9 8 4]
 [4 3 6 9 9 8 2 5 1]
 [3 5 7 8 2 4 1 6 0]
 [9 0 0 7 0 0 0 3 0]
 [0 0 8 0 0 0 4 0 0]
 [0 2 0 0 0 9 0 0 7]
 [0 0 0 0 0 2 0 0 8]
 [0 4 5 0 0 0 6 0 0]
 [7 0 0 3 0 0 0 9 0]]

(3, 9)
[[2 1 3 5 7 6 9 8 4]
 [4 3 6 9 9 8 2 5 1]
 [3 5 7 8 4 4 1 6 0]
 [9 0 0 7 0 0 0 3 0]
 [0 0 8 0 0 0 4 0 0]
 [0 2 0 0 0 9 0 0 7]
 [0 0 0 0 0 2 0 0 8]
 [0 4 5 0 0 0 6 0 0]
 [7 0 0 3 0 0 0 9 0]]

(3, 9)
[[2 1 3 5 7 6 9 8 4]
 [4 3 6 9 9 8 2 5 1]
 [3 5 7 8 6 4 1 6 0]
 [9 0 0 7 0 0 0 3 0]
 [0 0 8 0 0 0 4 0 0]
 [0 2 0 0 0 9 0 0 7]
 [0 0 0 0 0 2 0 0 8]
 [0 4 5 0 0 0 6 0 0]
 [7 0 0 3 0 0 0 9 0]]

(3, 9)
[[2 1 3 5 7 6 9 8 4]
 [4 3 6 9 9 8 2 5 1]
 [3 5 7 8 6 4 1 6 0]
 [9 0 0 7 0 0 0 3 0]
 [0 0 8 0 0 0 4 0 0]
 [0 2 0 0 0 9 0 0 7]
 [0 0 0 0 0 2 0 0 8]
 [0 4 5 0 0 0 6 0 0]
 [7 0 0 3 0 0 0 9 0]]

(3, 9)
[[2 1 3 5 7 6 9 8 4]
 [4 3 6 9 9 8 2 5 1]
 [3 5 9 8 6 4 1 6 0]
 [9 0 0 7 0 0 0 3 0]
 [0 0 8 0 0 0 4 0 0]
 [0 2 0 0 0 9 0 0 7]
 [0 0 0 0 0 2 0 0 8]
 [0 4 5 0 0 0 6 0 0]
 [7 0 0 3 0 0 0 9 0]]

(3, 9)
[[2 1 3 5 7 6 9 8 4]
 [4 3 6 9 9 8 2 5 1]
 [3 5 9 8 6 4 1 6 0]
 [9 0 0 7 0 0 0 3 0]
 [0 0 8 0 0 0 4 0 0]
 [0 2 0 0 0 9 0 0 7]
 [0 0 0 0 0 2 0 0 8]
 [0 4 5 0 0 0 6 0 0]
 [7 0 0 3 0 0 0 9 0]]

(3, 9)
[[2 1 3 5 7 6 9 8 4]
 [4 3 6 9 9 8 2 5 1]
 [3 6 9 8 6 4 1 6 0]
 [9 0 0 7 0 0 0 3 0]
 [0 0 8 0 0 0 4 0 0]
 [0 2 0 0 0 9 0 0 7]
 [0 0 0 0 0 2 0 0 8]
 [0 4 5 0 0 0 6 0 0]
 [7 0 0 3 0 0 0 9 0]]

(3, 9)
[[2 1 3 5 7 6 9 8 4]
 [4 3 6 9 9 8 2 5 1]
 [3 7 9 8 6 4 1 6 0]
 [9 0 0 7 0 0 0 3 0]
 [0 0 8 0 0 0 4 0 0]
 [0 2 0 0 0 9 0 0 7]
 [0 0 0 0 0 2 0 0 8]
 [0 4 5 0 0 0 6 0 0]
 [7 0 0 3 0 0 0 9 0]]

(3, 9)
[[2 1 3 5 7 6 9 8 4]
 [4 3 6 9 9 8 2 5 1]
 [3 9 9 8 6 4 1 6 0]
 [9 0 0 7 0 0 0 3 0]
 [0 0 8 0 0 0 4 0 0]
 [0 2 0 0 0 9 0 0 7]
 [0 0 0 0 0 2 0 0 8]
 [0 4 5 0 0 0 6 0 0]
 [7 0 0 3 0 0 0 9 0]]

(3, 9)
[[2 1 3 5 7 6 9 8 4]
 [4 3 6 9 9 8 2 5 1]
 [3 9 9 8 6 4 1 6 0]
 [9 0 0 7 0 0 0 3 0]
 [0 0 8 0 0 0 4 0 0]
 [0 2 0 0 0 9 0 0 7]
 [0 0 0 0 0 2 0 0 8]
 [0 4 5 0 0 0 6 0 0]
 [7 0 0 3 0 0 0 9 0]]

(3, 9)
[[2 1 3 5 7 6 9 8 4]
 [4 3 6 9 9 8 2 5 1]
 [3 9 9 8 6 4 1 6 0]
 [9 0 0 7 0 0 0 3 0]
 [0 0 8 0 0 0 4 0 0]
 [0 2 0 0 0 9 0 0 7]
 [0 0 0 0 0 2 0 0 8]
 [0 4 5 0 0 0 6 0 0]
 [7 0 0 3 0 0 0 9 0]]

(3, 9)
[[2 1 3 5 7 6 9 8 4]
 [4 3 6 9 9 8 2 5 1]
 [3 9 9 8 6 4 1 6 0]
 [9 0 0 7 0 0 0 3 0]
 [0 0 8 0 0 0 4 0 0]
 [0 2 0 0 0 9 0 0 7]
 [0 0 0 0 0 2 0 0 8]
 [0 4 5 0 0 0 6 0 0]
 [7 0 0 3 0 0 0 9 0]]

(3, 9)
[[2 1 3 5 7 6 9 8 4]
 [4 7 6 9 9 8 2 5 1]
 [3 9 9 8 6 4 1 6 0]
 [9 0 0 7 0 0 0 3 0]
 [0 0 8 0 0 0 4 0 0]
 [0 2 0 0 0 9 0 0 7]
 [0 0 0 0 0 2 0 0 8]
 [0 4 5 0 0 0 6 0 0]
 [7 0 0 3 0 0 0 9 0]]

(3, 9)
[[2 1 3 5 7 6 9 8 4]
 [4 8 6 9 9 8 2 5 1]
 [3 9 9 8 6 4 1 6 0]
 [9 0 0 7 0 0 0 3 0]
 [0 0 8 0 0 0 4 0 0]
 [0 2 0 0 0 9 0 0 7]
 [0 0 0 0 0 2 0 0 8]
 [0 4 5 0 0 0 6 0 0]
 [7 0 0 3 0 0 0 9 0]]

(3, 9)
[[2 1 3 5 7 6 9 8 4]
 [4 9 6 9 9 8 2 5 1]
 [3 9 9 8 6 4 1 6 0]
 [9 0 0 7 0 0 0 3 0]
 [0 0 8 0 0 0 4 0 0]
 [0 2 0 0 0 9 0 0 7]
 [0 0 0 0 0 2 0 0 8]
 [0 4 5 0 0 0 6 0 0]
 [7 0 0 3 0 0 0 9 0]]

(3, 9)
[[2 1 3 5 7 6 9 8 4]
 [4 9 6 9 9 8 2 5 1]
 [3 9 9 8 6 4 1 6 0]
 [9 0 0 7 0 0 0 3 0]
 [0 0 8 0 0 0 4 0 0]
 [0 2 0 0 0 9 0 0 7]
 [0 0 0 0 0 2 0 0 8]
 [0 4 5 0 0 0 6 0 0]
 [7 0 0 3 0 0 0 9 0]]

(3, 9)
[[2 1 3 5 7 6 9 8 4]
 [8 9 6 9 9 8 2 5 1]
 [3 9 9 8 6 4 1 6 0]
 [9 0 0 7 0 0 0 3 0]
 [0 0 8 0 0 0 4 0 0]
 [0 2 0 0 0 9 0 0 7]
 [0 0 0 0 0 2 0 0 8]
 [0 4 5 0 0 0 6 0 0]
 [7 0 0 3 0 0 0 9 0]]

(3, 9)
[[2 1 3 5 7 6 9 8 4]
 [8 9 6 9 9 8 2 5 1]
 [3 9 9 8 6 4 1 6 0]
 [9 0 0 7 0 0 0 3 0]
 [0 0 8 0 0 0 4 0 0]
 [0 2 0 0 0 9 0 0 7]
 [0 0 0 0 0 2 0 0 8]
 [0 4 5 0 0 0 6 0 0]
 [7 0 0 3 0 0 0 9 0]]

(3, 9)
[[2 1 3 5 7 6 9 8 4]
 [8 9 6 9 9 8 2 5 1]
 [3 9 9 8 6 4 1 6 0]
 [9 0 0 7 0 0 0 3 0]
 [0 0 8 0 0 0 4 0 0]
 [0 2 0 0 0 9 0 0 7]
 [0 0 0 0 0 2 0 0 8]
 [0 4 5 0 0 0 6 0 0]
 [7 0 0 3 0 0 0 9 0]]

(3, 9)
[[2 1 3 5 7 6 9 8 4]
 [8 9 6 9 9 8 2 5 1]
 [3 9 9 8 6 4 1 6 0]
 [9 0 0 7 0 0 0 3 0]
 [0 0 8 0 0 0 4 0 0]
 [0 2 0 0 0 9 0 0 7]
 [0 0 0 0 0 2 0 0 8]
 [0 4 5 0 0 0 6 0 0]
 [7 0 0 3 0 0 0 9 0]]

(3, 9)
[[2 1 3 5 8 6 9 8 4]
 [8 9 6 9 9 8 2 5 1]
 [3 9 9 8 6 4 1 6 0]
 [9 0 0 7 0 0 0 3 0]
 [0 0 8 0 0 0 4 0 0]
 [0 2 0 0 0 9 0 0 7]
 [0 0 0 0 0 2 0 0 8]
 [0 4 5 0 0 0 6 0 0]
 [7 0 0 3 0 0 0 9 0]]

(3, 9)
[[2 1 3 5 9 6 9 8 4]
 [8 9 6 9 9 8 2 5 1]
 [3 9 9 8 6 4 1 6 0]
 [9 0 0 7 0 0 0 3 0]
 [0 0 8 0 0 0 4 0 0]
 [0 2 0 0 0 9 0 0 7]
 [0 0 0 0 0 2 0 0 8]
 [0 4 5 0 0 0 6 0 0]
 [7 0 0 3 0 0 0 9 0]]

(3, 9)
[[2 1 3 5 9 6 9 8 4]
 [8 9 6 9 9 8 2 5 1]
 [3 9 9 8 6 4 1 6 0]
 [9 0 0 7 0 0 0 3 0]
 [0 0 8 0 0 0 4 0 0]
 [0 2 0 0 0 9 0 0 7]
 [0 0 0 0 0 2 0 0 8]
 [0 4 5 0 0 0 6 0 0]
 [7 0 0 3 0 0 0 9 0]]

(3, 9)
[[2 1 3 9 9 6 9 8 4]
 [8 9 6 9 9 8 2 5 1]
 [3 9 9 8 6 4 1 6 0]
 [9 0 0 7 0 0 0 3 0]
 [0 0 8 0 0 0 4 0 0]
 [0 2 0 0 0 9 0 0 7]
 [0 0 0 0 0 2 0 0 8]
 [0 4 5 0 0 0 6 0 0]
 [7 0 0 3 0 0 0 9 0]]

(3, 9)
[[2 1 3 9 9 6 9 8 4]
 [8 9 6 9 9 8 2 5 1]
 [3 9 9 8 6 4 1 6 0]
 [9 0 0 7 0 0 0 3 0]
 [0 0 8 0 0 0 4 0 0]
 [0 2 0 0 0 9 0 0 7]
 [0 0 0 0 0 2 0 0 8]
 [0 4 5 0 0 0 6 0 0]
 [7 0 0 3 0 0 0 9 0]]

(3, 9)
[[2 1 7 9 9 6 9 8 4]
 [8 9 6 9 9 8 2 5 1]
 [3 9 9 8 6 4 1 6 0]
 [9 0 0 7 0 0 0 3 0]
 [0 0 8 0 0 0 4 0 0]
 [0 2 0 0 0 9 0 0 7]
 [0 0 0 0 0 2 0 0 8]
 [0 4 5 0 0 0 6 0 0]
 [7 0 0 3 0 0 0 9 0]]

(3, 9)
[[2 1 9 9 9 6 9 8 4]
 [8 9 6 9 9 8 2 5 1]
 [3 9 9 8 6 4 1 6 0]
 [9 0 0 7 0 0 0 3 0]
 [0 0 8 0 0 0 4 0 0]
 [0 2 0 0 0 9 0 0 7]
 [0 0 0 0 0 2 0 0 8]
 [0 4 5 0 0 0 6 0 0]
 [7 0 0 3 0 0 0 9 0]]

(3, 9)
[[2 1 9 9 9 6 9 8 4]
 [8 9 6 9 9 8 2 5 1]
 [3 9 9 8 6 4 1 6 0]
 [9 0 0 7 0 0 0 3 0]
 [0 0 8 0 0 0 4 0 0]
 [0 2 0 0 0 9 0 0 7]
 [0 0 0 0 0 2 0 0 8]
 [0 4 5 0 0 0 6 0 0]
 [7 0 0 3 0 0 0 9 0]]

(3, 9)
[[5 1 9 9 9 6 9 8 4]
 [8 9 6 9 9 8 2 5 1]
 [3 9 9 8 6 4 1 6 0]
 [9 0 0 7 0 0 0 3 0]
 [0 0 8 0 0 0 4 0 0]
 [0 2 0 0 0 9 0 0 7]
 [0 0 0 0 0 2 0 0 8]
 [0 4 5 0 0 0 6 0 0]
 [7 0 0 3 0 0 0 9 0]]

(3, 9)
[[8 1 9 9 9 6 9 8 4]
 [8 9 6 9 9 8 2 5 1]
 [3 9 9 8 6 4 1 6 0]
 [9 0 0 7 0 0 0 3 0]
 [0 0 8 0 0 0 4 0 0]
 [0 2 0 0 0 9 0 0 7]
 [0 0 0 0 0 2 0 0 8]
 [0 4 5 0 0 0 6 0 0]
 [7 0 0 3 0 0 0 9 0]]

(3, 9)
[[8 1 9 9 9 6 9 8 4]
 [8 9 6 9 9 8 2 5 1]
 [3 9 9 8 6 4 1 6 0]
 [9 0 0 7 0 0 0 3 0]
 [0 0 8 0 0 0 4 0 0]
 [0 2 0 0 0 9 0 0 7]
 [0 0 0 0 0 2 0 0 8]
 [0 4 5 0 0 0 6 0 0]
 [7 0 0 3 0 0 0 9 0]]
None
